epoch:0 0.4618  0.8205  0.4484  0.207  0.2375  0.5134  0.3559  0.5247  0.5671  0.3271  0.4485  0.6209  0.3367  0.005
epoch:1 0.4162  0.8244  0.3672  0.2208  0.2456  0.4661  0.2929  0.4688  0.5157  0.3341  0.3919  0.5651  0.2724  0.005
epoch:2 0.4494  0.8493  0.4502  0.2405  0.3288  0.5011  0.3132  0.493  0.5353  0.3982  0.5171  0.5754  0.2575  0.005
epoch:3 0.5508  0.8995  0.5998  0.314  0.3837  0.6066  0.3793  0.5796  0.6247  0.4584  0.5704  0.675  0.2118  0.00165
epoch:4 0.5173  0.8936  0.5476  0.3147  0.3867  0.5739  0.3546  0.5492  0.5892  0.4256  0.5151  0.641  0.1914  0.00165
epoch:5 0.5652  0.8961  0.5999  0.3496  0.3998  0.616  0.3934  0.5919  0.6322  0.4846  0.557  0.6766  0.18  0.00165
epoch:6 0.5662  0.9111  0.6426  0.3952  0.4658  0.6165  0.3787  0.589  0.6293  0.5189  0.5813  0.6765  0.1408  0.0005445
epoch:7 0.577  0.9091  0.6388  0.4244  0.4796  0.6244  0.3883  0.6015  0.6408  0.5278  0.5914  0.685  0.1181  0.0005445
epoch:8 0.5889  0.8904  0.6239  0.4004  0.4592  0.641  0.4089  0.6125  0.65  0.4853  0.5682  0.6984  0.1072  0.0005445
epoch:9 0.6044  0.9054  0.6584  0.4386  0.4939  0.6528  0.409  0.625  0.6639  0.546  0.5973  0.7083  0.087  0.0001797
epoch:10 0.6017  0.9074  0.6763  0.4517  0.4931  0.6507  0.3988  0.6196  0.6595  0.5299  0.5965  0.7075  0.0728  0.0001797
epoch:11 0.6007  0.9083  0.6704  0.4503  0.5034  0.6469  0.3999  0.6214  0.6616  0.5402  0.6076  0.7064  0.0659  0.0001797
epoch:12 0.5911  0.9033  0.6722  0.4553  0.5099  0.6376  0.3896  0.6113  0.6515  0.5309  0.6096  0.6955  0.058  0.0000593
epoch:13 0.599  0.9039  0.6735  0.4614  0.5129  0.6445  0.3974  0.6195  0.6597  0.5324  0.6118  0.7048  0.0533  0.0000593
epoch:14 0.618  0.9045  0.676  0.4616  0.5089  0.6646  0.4155  0.6371  0.6773  0.5359  0.6105  0.7228  0.0507  0.0000593
epoch:15 0.6203  0.9048  0.6747  0.4632  0.5082  0.6651  0.417  0.639  0.6794  0.5378  0.6087  0.7236  0.0478  0.0000196
epoch:16 0.609  0.9014  0.6735  0.4672  0.5156  0.6559  0.4089  0.6317  0.6717  0.5376  0.6124  0.7161  0.0467  0.0000196
epoch:17 0.6166  0.9041  0.6786  0.4632  0.5132  0.6616  0.4143  0.6376  0.6778  0.5365  0.6119  0.7213  0.046  0.0000196
epoch:18 0.6142  0.9046  0.6807  0.4645  0.5144  0.6596  0.4115  0.6345  0.6748  0.5374  0.6081  0.72  0.0451  6.5e-06
epoch:19 0.6137  0.9051  0.6762  0.4627  0.5184  0.6593  0.4108  0.6345  0.6752  0.5353  0.6141  0.7196  0.0448  6.5e-06
