epoch:0 0.6299  0.905  0.663  0.5494  0.5913  0.6547  0.4084  0.6427  0.7005  0.6167  0.669  0.727  0.1545  0.005
epoch:1 0.67  0.9288  0.7502  0.6417  0.6666  0.6781  0.4048  0.665  0.729  0.694  0.729  0.7403  0.0805  0.005
epoch:2 0.6935  0.9255  0.7543  0.638  0.6697  0.7138  0.4253  0.6853  0.7531  0.6978  0.7319  0.768  0.0663  0.005
epoch:3 0.7268  0.9372  0.7917  0.7083  0.7222  0.7238  0.4253  0.7033  0.7737  0.7475  0.7714  0.7725  0.0488  0.00165
epoch:4 0.7389  0.937  0.7891  0.713  0.7216  0.7382  0.4359  0.7158  0.7866  0.7525  0.7734  0.7924  0.0421  0.00165
epoch:5 0.7308  0.9389  0.7822  0.7111  0.7172  0.727  0.4324  0.7102  0.7824  0.7553  0.7724  0.7811  0.0379  0.00165
epoch:6 0.7399  0.9375  0.787  0.7193  0.7292  0.7362  0.4366  0.7193  0.7919  0.7628  0.7847  0.791  0.0318  0.000545
epoch:7 0.7464  0.9374  0.7854  0.7233  0.7282  0.7455  0.4406  0.7242  0.7963  0.7665  0.7856  0.7963  0.0288  0.000545
epoch:8 0.7379  0.9302  0.7743  0.7098  0.7148  0.7347  0.4409  0.7201  0.7912  0.7576  0.7753  0.7893  0.027  0.000545
epoch:9 0.7433  0.9311  0.7798  0.7181  0.7225  0.7391  0.4417  0.7237  0.7956  0.7628  0.7826  0.7937  0.025  0.00018
epoch:10 0.7445  0.9366  0.7836  0.7295  0.7322  0.7373  0.4401  0.7259  0.7993  0.7748  0.7915  0.7953  0.0241  0.00018
epoch:11 0.7456  0.9365  0.782  0.7237  0.7255  0.7391  0.4424  0.7264  0.7989  0.7693  0.7858  0.7958  0.0236  0.00018
epoch:12 0.7457  0.9346  0.7813  0.7258  0.7304  0.7412  0.4418  0.7266  0.7993  0.7713  0.7887  0.7976  0.0229  5.9e-05
epoch:13 0.7453  0.9362  0.782  0.7207  0.7247  0.7394  0.4423  0.7256  0.7982  0.7671  0.7847  0.7961  0.0226  5.9e-05
epoch:14 0.7472  0.9367  0.7825  0.7268  0.7278  0.7395  0.4424  0.7271  0.8004  0.773  0.7877  0.7961  0.0223  5.9e-05
epoch:15 0.7476  0.9343  0.7831  0.7272  0.73  0.7425  0.4427  0.7277  0.801  0.773  0.7897  0.7981  0.0221  2e-05
epoch:16 0.7467  0.9341  0.7823  0.7236  0.7248  0.7411  0.4431  0.7269  0.7994  0.7692  0.7849  0.7972  0.0221  2e-05
epoch:17 0.7473  0.9347  0.7829  0.7308  0.7316  0.74  0.4422  0.7286  0.8021  0.7776  0.7918  0.7981  0.022  2e-05
epoch:18 0.7473  0.9365  0.7821  0.7272  0.7272  0.7404  0.4427  0.7275  0.8008  0.7733  0.7881  0.7973  0.022  6e-06
epoch:19 0.7466  0.9367  0.7822  0.725  0.7255  0.7404  0.4429  0.7265  0.7994  0.7702  0.7859  0.7963  0.0219  6e-06
