epoch:0 0.6292  0.909  0.6846  0.5609  0.6061  0.6514  0.4015  0.642  0.6995  0.6277  0.6841  0.7226  0.1424  0.005
epoch:1 0.6961  0.9204  0.7553  0.6592  0.682  0.7018  0.4274  0.6934  0.7579  0.7113  0.7445  0.7597  0.0797  0.005
epoch:2 0.6997  0.9277  0.7736  0.6732  0.6864  0.6905  0.4195  0.6883  0.7553  0.7203  0.7431  0.7474  0.0668  0.005
epoch:3 0.7494  0.9382  0.797  0.7245  0.738  0.7351  0.4398  0.7245  0.797  0.7689  0.7904  0.7823  0.0494  0.00165
epoch:4 0.7469  0.9357  0.7977  0.7281  0.7448  0.7321  0.438  0.7234  0.7957  0.7688  0.7975  0.7871  0.0434  0.00165
epoch:5 0.7491  0.9352  0.7919  0.7299  0.7396  0.7324  0.4405  0.729  0.8036  0.7794  0.8004  0.7879  0.0395  0.00165
epoch:6 0.7621  0.9363  0.7985  0.7476  0.7529  0.741  0.4444  0.737  0.8132  0.7941  0.8091  0.7944  0.0324  0.000545
epoch:7 0.763  0.9363  0.7959  0.7503  0.7516  0.7423  0.4448  0.7367  0.8133  0.7941  0.8089  0.7944  0.0295  0.000545
epoch:8 0.7558  0.9332  0.7878  0.7431  0.7463  0.734  0.4438  0.734  0.81  0.7919  0.8056  0.7897  0.0275  0.000545
epoch:9 0.7614  0.9336  0.792  0.748  0.7506  0.737  0.4454  0.7372  0.8137  0.7944  0.8087  0.7921  0.0251  0.00018
epoch:10 0.7615  0.9336  0.7899  0.752  0.7533  0.7378  0.446  0.7393  0.8167  0.7993  0.8128  0.7942  0.0242  0.00018
epoch:11 0.7588  0.9327  0.7863  0.747  0.7499  0.7347  0.4455  0.7376  0.8141  0.796  0.8108  0.7919  0.0235  0.00018
epoch:12 0.7596  0.9334  0.7876  0.7491  0.7514  0.7361  0.4456  0.738  0.8147  0.7973  0.8107  0.793  0.0228  5.9e-05
epoch:13 0.7603  0.9336  0.7906  0.754  0.7562  0.7363  0.4444  0.7389  0.8167  0.8022  0.8163  0.7941  0.0225  5.9e-05
epoch:14 0.7607  0.9332  0.788  0.7527  0.7531  0.7322  0.4456  0.7387  0.8161  0.8002  0.8135  0.7927  0.0222  5.9e-05
epoch:15 0.7609  0.9334  0.7879  0.7533  0.7537  0.7373  0.4457  0.7393  0.8166  0.8011  0.8144  0.7941  0.0221  2e-05
epoch:16 0.7616  0.9333  0.7878  0.7537  0.7544  0.7366  0.4455  0.7395  0.8169  0.8011  0.8151  0.7942  0.0219  2e-05
epoch:17 0.7611  0.9337  0.7876  0.7504  0.7522  0.7366  0.4462  0.7392  0.8165  0.7986  0.8131  0.7947  0.0218  2e-05
epoch:18 0.7604  0.9334  0.7868  0.7512  0.7512  0.733  0.4456  0.7385  0.8157  0.7996  0.8116  0.7928  0.0218  6e-06
epoch:19 0.7588  0.9334  0.7879  0.7453  0.7481  0.7335  0.4453  0.736  0.8122  0.7934  0.8065  0.7913  0.0217  6e-06
