epoch:0 0.3599  0.7113  0.3174  0.1059  0.1623  0.4306  0.3054  0.4257  0.4435  0.1457  0.2423  0.53  0.3328  0.005
epoch:1 0.3599  0.6841  0.3577  0.1223  0.1722  0.4273  0.3035  0.426  0.4405  0.1704  0.3088  0.5291  0.3122  0.005
epoch:2 0.4357  0.7597  0.4307  0.2234  0.2331  0.4852  0.3386  0.4993  0.5348  0.2865  0.358  0.5952  0.2987  0.005
epoch:3 0.5111  0.8405  0.5423  0.3023  0.349  0.5546  0.3746  0.557  0.5991  0.4267  0.514  0.6404  0.2489  0.00165
epoch:4 0.5018  0.8182  0.5213  0.291  0.322  0.5552  0.3749  0.5502  0.581  0.3449  0.4786  0.6473  0.2435  0.00165
epoch:5 0.4421  0.8313  0.4666  0.3488  0.3178  0.472  0.3138  0.4979  0.537  0.4524  0.5082  0.5695  0.2423  0.00165
epoch:6 0.5165  0.8463  0.5646  0.3703  0.3785  0.5574  0.3691  0.5528  0.5912  0.4529  0.521  0.6227  0.2082  0.000545
epoch:7 0.5534  0.8749  0.5695  0.3905  0.3965  0.5838  0.3933  0.5864  0.6263  0.4578  0.5552  0.6609  0.1908  0.000545
epoch:8 0.5071  0.8313  0.5596  0.3584  0.38  0.5484  0.3675  0.5494  0.5812  0.4292  0.5175  0.626  0.1852  0.000545
epoch:9 0.5229  0.8601  0.5869  0.4137  0.4194  0.5487  0.3646  0.5593  0.5954  0.4885  0.5283  0.6228  0.1546  0.00018
epoch:10 0.5521  0.8654  0.6074  0.4415  0.4407  0.5807  0.3834  0.5818  0.6195  0.5014  0.5692  0.65  0.1379  0.00018
epoch:11 0.5141  0.851  0.5745  0.4001  0.4176  0.5448  0.3556  0.546  0.5793  0.4624  0.5435  0.6098  0.1284  0.00018
epoch:12 0.5287  0.8586  0.6014  0.4272  0.446  0.5516  0.3637  0.5629  0.5987  0.498  0.5838  0.6229  0.1089  5.9e-05
epoch:13 0.5276  0.8546  0.5899  0.4287  0.4447  0.552  0.3644  0.5617  0.5962  0.5003  0.5788  0.6207  0.0964  5.9e-05
epoch:14 0.53  0.8475  0.5947  0.4313  0.4337  0.5534  0.3706  0.566  0.6  0.4972  0.5594  0.6252  0.089  5.9e-05
epoch:15 0.5304  0.8505  0.5967  0.4369  0.4329  0.5531  0.3712  0.5673  0.6012  0.5058  0.5771  0.6257  0.0803  2e-05
epoch:16 0.5161  0.8502  0.5815  0.4436  0.4369  0.5365  0.3568  0.555  0.5897  0.5101  0.5717  0.6111  0.0753  2e-05
epoch:17 0.5237  0.8455  0.5907  0.4365  0.4341  0.5449  0.3653  0.5611  0.595  0.5011  0.5642  0.6189  0.0723  2e-05
epoch:18 0.5224  0.8339  0.5847  0.4289  0.4349  0.5429  0.3658  0.5594  0.5911  0.4894  0.5731  0.6143  0.0734  6e-06
epoch:19 0.5106  0.8128  0.5773  0.4161  0.4291  0.5312  0.3615  0.5507  0.5789  0.4771  0.5635  0.6026  0.0791  6e-06
